# Compute Distances Between Leaves
## Problem
In this chapter, we define the length of a path in a tree as the sum of the lengths of its edges (rather than the number of edges on the path). As a result, the evolutionary distance between two present-day species corresponding to leaves i and j in a tree T is equal to the length of the unique path connecting i and j, denoted di, j(T).

Distance Between Leaves Problem
Compute the distances between leaves in a weighted tree.

Given: An integer n followed by the adjacency list of a weighted tree with n leaves.

Return: A space-separated n x n (di, j), where di, j is the length of the path between leaves i and j.


```python
I = input().split()
N = int(I[0])
G = [[1e9 for _ in range(100)] for _ in range(100)]
max_ = 0

for i in range(100): G[i][i]=0

for i in I[1:]:
    start, end, weight = map(int,i.replace('->',':').split(':'))
    G[start][end]=weight
    max_ = max(max_,start,end)
        
for i in range(max_+1): #passing
    for j in range(max_+1): #start
        for k in range(max_+1): #end
            if(G[j][k] > G[j][i] + G[i][k]): G[j][k] = G[j][i] + G[i][k]

for i in G[:N]:
    for j in i[:N]: print(j,end='\t')
    print()
```

    32 0->41:15 1->44:8 2->56:9 3->34:15 4->40:5 5->55:8 6->52:13 7->53:10 8->39:8 9->33:5 10->37:11 11->48:14 12->58:5 13->35:15 14->46:14 15->60:5 16->51:5 17->45:14 18->32:12 19->61:6 20->50:9 21->57:8 22->38:12 23->43:13 24->47:9 25->59:12 26->42:13 27->49:8 28->54:7 29->36:13 30->32:15 31->38:13 32->30:15 32->33:9 32->18:12 33->34:14 33->9:5 33->32:9 34->35:11 34->3:15 34->33:14 35->13:15 35->36:14 35->34:11 36->29:13 36->35:14 36->37:9 37->10:11 37->36:9 37->39:15 38->52:15 38->22:12 38->31:13 39->8:8 39->37:15 39->40:7 40->41:6 40->4:5 40->39:7 41->40:6 41->42:8 41->0:15 42->26:13 42->41:8 42->43:11 43->23:13 43->42:11 43->44:9 44->43:9 44->1:8 44->45:8 45->17:14 45->46:10 45->44:8 46->47:14 46->14:14 46->45:10 47->24:9 47->46:14 47->48:14 48->11:14 48->47:14 48->49:10 49->50:9 49->27:8 49->48:10 50->51:12 50->20:9 50->49:9 51->55:13 51->16:5 51->50:12 52->6:13 52->53:5 52->38:15 53->54:9 53->7:10 53->52:5 54->28:7 54->53:9 54->60:13 55->5:8 55->51:13 55->56:8 56->55:8 56->2:9 56->57:7 57->21:8 57->58:7 57->56:7 58->57:7 58->59:11 58->12:5 59->58:11 59->61:7 59->25:12 60->54:13 60->15:5 60->61:6 61->19:6 61->59:7 61->60:6
    0	51	150	92	26	141	219	211	36	96	54	103	160	81	75	184	125	65	112	179	117	156	233	47	84	178	36	107	199	65	115	234	
    51	0	115	113	47	106	184	176	57	117	75	68	125	102	40	149	90	30	133	144	82	121	198	30	49	143	41	72	164	86	136	199	
    150	115	0	212	146	25	87	79	156	216	174	75	28	201	103	52	35	113	232	47	51	24	101	129	84	46	140	59	67	185	235	102	
    92	113	212	0	76	203	281	273	72	34	60	165	222	41	137	246	187	127	50	241	179	218	295	109	146	240	98	169	261	53	53	296	
    26	47	146	76	0	137	215	207	20	80	38	99	156	65	71	180	121	61	96	175	113	152	229	43	80	174	32	103	195	49	99	230	
    141	106	25	203	137	0	94	86	147	207	165	66	35	192	94	59	26	104	223	54	42	31	108	120	75	53	131	50	74	176	226	109	
    219	184	87	281	215	94	0	28	225	285	243	144	69	270	172	45	104	182	301	52	120	79	40	198	153	65	209	128	34	254	304	41	
    211	176	79	273	207	86	28	0	217	277	235	136	61	262	164	37	96	174	293	44	112	71	42	190	145	57	201	120	26	246	296	43	
    36	57	156	72	20	147	225	217	0	76	34	109	166	61	81	190	131	71	92	185	123	162	239	53	90	184	42	113	205	45	95	240	
    96	117	216	34	80	207	285	277	76	0	64	169	226	45	141	250	191	131	26	245	183	222	299	113	150	244	102	173	265	57	29	300	
    54	75	174	60	38	165	243	235	34	64	0	127	184	49	99	208	149	89	80	203	141	180	257	71	108	202	60	131	223	33	83	258	
    103	68	75	165	99	66	144	136	109	169	127	0	85	154	56	109	50	66	185	104	42	81	158	82	37	103	93	32	124	138	188	159	
    160	125	28	222	156	35	69	61	166	226	184	85	0	211	113	34	45	123	242	29	61	20	83	139	94	28	150	69	49	195	245	84	
    81	102	201	41	65	192	270	262	61	45	49	154	211	0	126	235	176	116	61	230	168	207	284	98	135	229	87	158	250	42	64	285	
    75	40	103	137	71	94	172	164	81	141	99	56	113	126	0	137	78	38	157	132	70	109	186	54	37	131	65	60	152	110	160	187	
    184	149	52	246	180	59	45	37	190	250	208	109	34	235	137	0	69	147	266	17	85	44	59	163	118	30	174	93	25	219	269	60	
    125	90	35	187	121	26	104	96	131	191	149	50	45	176	78	69	0	88	207	64	26	41	118	104	59	63	115	34	84	160	210	119	
    65	30	113	127	61	104	182	174	71	131	89	66	123	116	38	147	88	0	147	142	80	119	196	44	47	141	55	70	162	100	150	197	
    112	133	232	50	96	223	301	293	92	26	80	185	242	61	157	266	207	147	0	261	199	238	315	129	166	260	118	189	281	73	27	316	
    179	144	47	241	175	54	52	44	185	245	203	104	29	230	132	17	64	142	261	0	80	39	66	158	113	25	169	88	32	214	264	67	
    117	82	51	179	113	42	120	112	123	183	141	42	61	168	70	85	26	80	199	80	0	57	134	96	51	79	107	26	100	152	202	135	
    156	121	24	218	152	31	79	71	162	222	180	81	20	207	109	44	41	119	238	39	57	0	93	135	90	38	146	65	59	191	241	94	
    233	198	101	295	229	108	40	42	239	299	257	158	83	284	186	59	118	196	315	66	134	93	0	212	167	79	223	142	48	268	318	25	
    47	30	129	109	43	120	198	190	53	113	71	82	139	98	54	163	104	44	129	158	96	135	212	0	63	157	37	86	178	82	132	213	
    84	49	84	146	80	75	153	145	90	150	108	37	94	135	37	118	59	47	166	113	51	90	167	63	0	112	74	41	133	119	169	168	
    178	143	46	240	174	53	65	57	184	244	202	103	28	229	131	30	63	141	260	25	79	38	79	157	112	0	168	87	45	213	263	80	
    36	41	140	98	32	131	209	201	42	102	60	93	150	87	65	174	115	55	118	169	107	146	223	37	74	168	0	97	189	71	121	224	
    107	72	59	169	103	50	128	120	113	173	131	32	69	158	60	93	34	70	189	88	26	65	142	86	41	87	97	0	108	142	192	143	
    199	164	67	261	195	74	34	26	205	265	223	124	49	250	152	25	84	162	281	32	100	59	48	178	133	45	189	108	0	234	284	49	
    65	86	185	53	49	176	254	246	45	57	33	138	195	42	110	219	160	100	73	214	152	191	268	82	119	213	71	142	234	0	76	269	
    115	136	235	53	99	226	304	296	95	29	83	188	245	64	160	269	210	150	27	264	202	241	318	132	169	263	121	192	284	76	0	319	
    234	199	102	296	230	109	41	43	240	300	258	159	84	285	187	60	119	197	316	67	135	94	25	213	168	80	224	143	49	269	319	0	



```python

```
